name: Udacity
channels:
  - pytorch
  - defaults
dependencies:
  - _pytorch_select=1.1.0=cpu
  - attrs=19.1.0=py_0
  - backcall=0.1.0=py37_0
  - blas=1.0=mkl
  - ca-certificates=2019.5.15=0
  - certifi=2019.6.16=py37_0
  - cffi=1.12.3=py37h7a1dbc1_0
  - colorama=0.4.1=py37_0
  - cudatoolkit=10.0.130=0
  - cycler=0.10.0=py37_0
  - decorator=4.4.0=py_0
  - defusedxml=0.6.0=py_0
  - freetype=2.9.1=ha9979f8_1
  - icc_rt=2019.0.0=h0cc432a_1
  - icu=58.2=ha66f8fd_1
  - intel-openmp=2019.3=203
  - ipython=7.5.0=py37h39e3cac_0
  - ipython_genutils=0.2.0=py37_0
  - jedi=0.13.3=py37_0
  - jinja2=2.10.1=py37_0
  - jpeg=9b=hb83a4c4_2
  - jsonschema=3.0.1=py37_0
  - kiwisolver=1.1.0=py37ha925a31_0
  - libpng=1.6.37=h2a8f88b_0
  - libsodium=1.0.16=h9d3ae62_0
  - libtiff=4.0.10=hb898794_2
  - m2w64-gcc-libgfortran=5.3.0=6
  - m2w64-gcc-libs=5.3.0=7
  - m2w64-gcc-libs-core=5.3.0=7
  - m2w64-gmp=6.1.0=2
  - m2w64-libwinpthread-git=5.0.0.4634.697f757=2
  - markupsafe=1.1.1=py37he774522_0
  - matplotlib=3.1.0=py37hc8f65d3_0
  - mistune=0.8.4=py37he774522_0
  - mkl=2019.3=203
  - mkl_fft=1.0.12=py37h14836fe_0
  - mkl_random=1.0.2=py37h343c172_0
  - msys2-conda-epoch=20160418=1
  - ninja=1.9.0=py37h74a9793_0
  - numpy=1.16.4=py37h19fb1c0_0
  - numpy-base=1.16.4=py37hc3f5095_0
  - olefile=0.46=py37_0
  - openssl=1.1.1c=he774522_1
  - pandas=0.24.2=py37ha925a31_0
  - pandoc=2.2.3.2=0
  - parso=0.4.0=py_0
  - patsy=0.5.1=py37_0
  - pickleshare=0.7.5=py37_0
  - pillow=6.0.0=py37hdc69c19_0
  - pip=19.1.1=py37_0
  - prompt_toolkit=2.0.9=py37_0
  - pycparser=2.19=py37_0
  - pygments=2.4.0=py_0
  - pyparsing=2.4.0=py_0
  - pyqt=5.9.2=py37h6538335_2
  - pyreadline=2.1=py37_1
  - pyrsistent=0.14.11=py37he774522_0
  - python=3.7.3=h8c8aaf0_1
  - python-dateutil=2.8.0=py37_0
  - pytorch=1.1.0=py3.7_cuda100_cudnn7_1
  - pytz=2019.1=py_0
  - pyzmq=18.0.0=py37ha925a31_0
  - qt=5.9.7=vc14h73c81de_0
  - scipy=1.2.1=py37h29ff71c_0
  - setuptools=41.0.1=py37_0
  - sip=4.19.8=py37h6538335_0
  - six=1.12.0=py37_0
  - sqlite=3.28.0=he774522_0
  - statsmodels=0.9.0=py37h452e1ab_0
  - tk=8.6.8=hfa6e2cd_0
  - torchvision=0.3.0=py37_cu100_1
  - tornado=6.0.2=py37he774522_0
  - traitlets=4.3.2=py37_0
  - vc=14.1=h0510ff6_4
  - vs2008_runtime=9.00.30729.1=hfaea7d5_1
  - vs2015_runtime=14.15.26706=h3a45250_4
  - wcwidth=0.1.7=py37_0
  - wheel=0.33.4=py37_0
  - wincertstore=0.2=py37_0
  - winpty=0.4.3=4
  - xz=5.2.4=h2fa13f4_4
  - zeromq=4.3.1=h33f27b4_3
  - zlib=1.2.11=h62dcd97_3
  - zstd=1.3.7=h508b16e_0
prefix: C:\Users\aliparpar\Anaconda3\envs\Udacity

